Windows Registry Editor Version 5.00

[HKEY_LOCAL_MACHINE\SOFTWARE\Microsoft\Windows NT\CurrentVersion\Time Zones\E. South America Standard Time]
"MUI_Display"="@tzres.dll,-40"
"TZI"=hex:b4,00,00,00,00,00,00,00,c4,ff,ff,ff,00,00,02,00,00,00,03,00,17,00,3b,\
  00,3b,00,e7,03,00,00,01,00,02,00,01,00,00,00,00,00,00,00,00,00
"Std"="E. South America Standard Time"
"MUI_Std"="@tzres.dll,-42"
"Dlt"="E. South America Daylight Time"
"MUI_Dlt"="@tzres.dll,-41"
"Display"="(UTC-03:00) Brasilia"

[HKEY_LOCAL_MACHINE\SOFTWARE\Microsoft\Windows NT\CurrentVersion\Time Zones\E. South America Standard Time\Dynamic DST]
"LastEntry"=dword:000007e4
"2020"=hex:b4,00,00,00,00,00,00,00,c4,ff,ff,ff,00,00,00,00,00,00,00,00,00,00,\
  00,00,00,00,00,00,00,00,00,00,00,00,00,00,00,00,00,00,00,00,00,00
"2010"=hex:b4,00,00,00,00,00,00,00,c4,ff,ff,ff,00,00,02,00,06,00,03,00,17,00,\
  3b,00,3b,00,e7,03,00,00,0a,00,06,00,03,00,17,00,3b,00,3b,00,e7,03
"2011"=hex:b4,00,00,00,00,00,00,00,c4,ff,ff,ff,00,00,02,00,06,00,03,00,17,00,\
  3b,00,3b,00,e7,03,00,00,0a,00,06,00,03,00,17,00,3b,00,3b,00,e7,03
"FirstEntry"=dword:000007d4
"2012"=hex:b4,00,00,00,00,00,00,00,c4,ff,ff,ff,00,00,02,00,06,00,04,00,17,00,\
  3b,00,3b,00,e7,03,00,00,0a,00,06,00,03,00,17,00,3b,00,3b,00,e7,03
"2013"=hex:b4,00,00,00,00,00,00,00,c4,ff,ff,ff,00,00,02,00,06,00,03,00,17,00,\
  3b,00,3b,00,e7,03,00,00,0a,00,06,00,03,00,17,00,3b,00,3b,00,e7,03
"2014"=hex:b4,00,00,00,00,00,00,00,c4,ff,ff,ff,00,00,02,00,06,00,03,00,17,00,\
  3b,00,3b,00,e7,03,00,00,0a,00,06,00,03,00,17,00,3b,00,3b,00,e7,03
"2015"=hex:b4,00,00,00,00,00,00,00,c4,ff,ff,ff,00,00,02,00,06,00,03,00,17,00,\
  3b,00,3b,00,e7,03,00,00,0a,00,06,00,03,00,17,00,3b,00,3b,00,e7,03
"2016"=hex:b4,00,00,00,00,00,00,00,c4,ff,ff,ff,00,00,02,00,06,00,03,00,17,00,\
  3b,00,3b,00,e7,03,00,00,0a,00,06,00,03,00,17,00,3b,00,3b,00,e7,03
"2017"=hex:b4,00,00,00,00,00,00,00,c4,ff,ff,ff,00,00,02,00,06,00,03,00,17,00,\
  3b,00,3b,00,e7,03,00,00,0a,00,06,00,02,00,17,00,3b,00,3b,00,e7,03
"2006"=hex:b4,00,00,00,00,00,00,00,c4,ff,ff,ff,00,00,02,00,06,00,03,00,17,00,\
  3b,00,3b,00,e7,03,00,00,0b,00,00,00,01,00,00,00,00,00,00,00,00,00
"2018"=hex:b4,00,00,00,00,00,00,00,c4,ff,ff,ff,00,00,02,00,06,00,03,00,17,00,\
  3b,00,3b,00,e7,03,00,00,0b,00,06,00,01,00,17,00,3b,00,3b,00,e7,03
"2007"=hex:b4,00,00,00,00,00,00,00,c4,ff,ff,ff,00,00,02,00,06,00,05,00,17,00,\
  3b,00,3b,00,e7,03,00,00,0a,00,00,00,02,00,00,00,00,00,00,00,00,00
"2019"=hex:b4,00,00,00,00,00,00,00,c4,ff,ff,ff,00,00,02,00,00,00,03,00,17,00,\
  3b,00,3b,00,e7,03,00,00,01,00,02,00,01,00,00,00,00,00,00,00,00,00
"2008"=hex:b4,00,00,00,00,00,00,00,c4,ff,ff,ff,00,00,02,00,06,00,03,00,17,00,\
  3b,00,3b,00,e7,03,00,00,0a,00,00,00,03,00,00,00,00,00,00,00,00,00
"2009"=hex:b4,00,00,00,00,00,00,00,c4,ff,ff,ff,00,00,02,00,06,00,02,00,17,00,\
  3b,00,3b,00,e7,03,00,00,0a,00,06,00,03,00,17,00,3b,00,3b,00,e7,03
"2004"=hex:b4,00,00,00,00,00,00,00,c4,ff,ff,ff,00,00,02,00,06,00,02,00,17,00,\
  3b,00,3b,00,e7,03,00,00,0b,00,02,00,01,00,00,00,00,00,00,00,00,00
"2005"=hex:b4,00,00,00,00,00,00,00,c4,ff,ff,ff,00,00,02,00,06,00,03,00,17,00,\
  3b,00,3b,00,e7,03,00,00,0a,00,00,00,03,00,00,00,00,00,00,00,00,00


# Item 02

Windows Registry Editor Version 5.00

[HKEY_LOCAL_MACHINE\SYSTEM\CurrentControlSet\Control\TimeZoneInformation]
"DaylightBias"=dword:ffffffc4
"DaylightName"="@tzres.dll,-41"
"StandardStart"=hex:00,00,02,00,03,00,17,00,3b,00,3b,00,e7,03,00,00
"StandardBias"=dword:00000000
"StandardName"="@tzres.dll,-42"
"Bias"=dword:000000b4
"DaylightStart"=hex:00,00,01,00,01,00,00,00,00,00,00,00,00,00,02,00
"TimeZoneKeyName"="E. South America Standard Time"
"DynamicDaylightTimeDisabled"=dword:00000000
"ActiveTimeBias"=dword:000000b4
